0.0707372
0.997499
0.542405
0.85647
0.655109
0.792982
0.701724
0.76373
0.722261
0.750313
0.731476
0.74419
0.735637
0.741403
0.737522
0.740137
0.738376
0.739563
0.738763
0.739302
0.738939
0.739183
0.739019
0.73913
0.739055
0.739105
0.739071
0.739094
0.739079
0.739089
0.739082
0.739087
0.739084
0.739086
0.739085
0.739086
0.739085
0.739085
0.739085
0.739085
0.739085
0.739085
0.739085
0.739085
0.739085
0.739085
0.739085
0.739085
0.739085
0.739085
0.739085
0.739085
0.739085
0.739085
0.739085
0.739085
0.739085
0.739085
0.739085
0.739085
0.739085
0.739085
0.739085
0.739085
0.739085
0.739085
